0 0.2734375 0.5166015625 0.421875 0.2392578125
0 0.24609375 0.25390625 0.28125 0.1435546875
0 0.576171875 0.1572265625 0.2021484375 0.0986328125
0 0.05078125 0.4462890625 0.1015625 0.19140625
0 0.2265625 0.3642578125 0.3486328125 0.16796875
0 0.53125 0.32421875 0.2724609375 0.1611328125
0 0.4970703125 0.2265625 0.251953125 0.1259765625
0 0.66015625 0.4404296875 0.3701171875 0.1962890625
0 0.6708984375 0.62109375 0.458984375 0.2626953125
0 0.931640625 0.5400390625 0.1357421875 0.20703125
0 0.84375 0.845703125 0.3125 0.306640625