0 0 0.490625 0.035185185546875 0.490625 0.0555555546875 0.4859375 0.078703703125 0.474479166015625 0.089814814453125 0.459895833984375 0.090740740234375 0.4453125 0.0805555546875 0.4328125 0.063888888671875 0.422916666015625 0.031481482421875 0.4171875 0.003703703125 0.416666666015625 0 0.4171875 0 0.490625
0 0.163888888671875 0.436458333984375 0.182407408203125 0.4171875 0.20462962890625 0.404166666015625 0.203703703125 0.396875 0.193518517578125 0.382291666015625 0.168518517578125 0.372395833984375 0.142592591796875 0.367708333984375 0.1231481484375 0.367708333984375 0.09907407421875 0.371354166015625 0.07777777734375 0.380729166015625 0.068518517578125 0.391666666015625 0.065740740234375 0.406770833984375 0.071296296875 0.421354166015625 0.089814814453125 0.432291666015625 0.12407407421875 0.4390625 0.14722222265625 0.439583333984375 0.163888888671875 0.436458333984375
0 0.310185185546875 0.4515625 0.314814814453125 0.444791666015625 0.312962962890625 0.428645833984375 0.30092592578125 0.416666666015625 0.282407408203125 0.4078125 0.260185185546875 0.403125 0.237037037109375 0.402604166015625 0.207407408203125 0.405729166015625 0.183333333984375 0.417708333984375 0.17037037109375 0.431770833984375 0.168518517578125 0.443229166015625 0.1768518515625 0.456770833984375 0.206481482421875 0.4640625 0.237962962890625 0.476041666015625 0.266666666015625 0.461979166015625 0.310185185546875 0.4515625
0 0.20092592578125 0.533333333984375 0.22407407421875 0.523958333984375 0.238888888671875 0.511979166015625 0.238888888671875 0.486979166015625 0.231481482421875 0.475 0.2 0.463020833984375 0.175 0.458854166015625 0.137037037109375 0.4609375 0.112037037109375 0.467708333984375 0.09722222265625 0.476041666015625 0.086111111328125 0.493229166015625 0.087037037109375 0.508333333984375 0.09722222265625 0.519791666015625 0.116666666015625 0.530208333984375 0.142592591796875 0.5359375 0.165740740234375 0.5375 0.20092592578125 0.533333333984375
0 0.364814814453125 0.519791666015625 0.37777777734375 0.5125 0.388888888671875 0.498958333984375 0.388888888671875 0.483854166015625 0.37962962890625 0.471875 0.35462962890625 0.459375 0.339814814453125 0.455208333984375 0.303703703125 0.453645833984375 0.2805555546875 0.4578125 0.259259259765625 0.465625 0.241666666015625 0.4796875 0.246296296875 0.5109375 0.266666666015625 0.5234375 0.285185185546875 0.529166666015625 0.321296296875 0.53125 0.343518517578125 0.527083333984375 0.364814814453125 0.519791666015625
0 0.32962962890625 0.605729166015625 0.35092592578125 0.593229166015625 0.363888888671875 0.573958333984375 0.362037037109375 0.560416666015625 0.35092592578125 0.547395833984375 0.3268518515625 0.535416666015625 0.29907407421875 0.530729166015625 0.27037037109375 0.530208333984375 0.239814814453125 0.535416666015625 0.215740740234375 0.545833333984375 0.2018518515625 0.560416666015625 0.2 0.578645833984375 0.203703703125 0.588541666015625 0.22407407421875 0.603645833984375 0.259259259765625 0.613541666015625 0.303703703125 0.6125 0.32962962890625 0.605729166015625
0 0.487037037109375 0.5875 0.514814814453125 0.574479166015625 0.5268518515625 0.560416666015625 0.528703703125 0.546875 0.518518517578125 0.5296875 0.49722222265625 0.517708333984375 0.47037037109375 0.511458333984375 0.431481482421875 0.511458333984375 0.40092592578125 0.518229166015625 0.383333333984375 0.527604166015625 0.37407407421875 0.540625 0.37222222265625 0.555729166015625 0.383333333984375 0.572395833984375 0.407407408203125 0.5859375 0.431481482421875 0.590625 0.459259259765625 0.591666666015625 0.487037037109375 0.5875
0 0.731481482421875 0.8796875 0.753703703125 0.8796875 0.77592592578125 0.8765625 0.807407408203125 0.865625 0.82777777734375 0.845833333984375 0.831481482421875 0.825 0.8231481484375 0.803645833984375 0.808333333984375 0.789583333984375 0.7944444453125 0.78125 0.762037037109375 0.7703125 0.718518517578125 0.7671875 0.696296296875 0.769270833984375 0.681481482421875 0.7734375 0.653703703125 0.7875 0.641666666015625 0.800520833984375 0.637962962890625 0.809375 0.638888888671875 0.831770833984375 0.653703703125 0.8515625 0.6731481484375 0.8640625 0.696296296875 0.8734375 0.712037037109375 0.877083333984375 0.731481482421875 0.8796875
0 0.756481482421875 0.6453125 0.778703703125 0.6375 0.79722222265625 0.625 0.79907407421875 0.6 0.790740740234375 0.583333333984375 0.77407407421875 0.572916666015625 0.75 0.565104166015625 0.710185185546875 0.5609375 0.682407408203125 0.566145833984375 0.64722222265625 0.580729166015625 0.638888888671875 0.59375 0.638888888671875 0.6109375 0.65 0.6265625 0.6694444453125 0.6375 0.696296296875 0.6453125 0.72037037109375 0.6484375 0.756481482421875 0.6453125
0 0.653703703125 0.575520833984375 0.668518517578125 0.569270833984375 0.706481482421875 0.558854166015625 0.713888888671875 0.5546875 0.72037037109375 0.546354166015625 0.721296296875 0.530729166015625 0.712962962890625 0.518229166015625 0.691666666015625 0.506770833984375 0.664814814453125 0.499479166015625 0.6194444453125 0.497916666015625 0.607407408203125 0.500520833984375 0.586111111328125 0.508333333984375 0.57407407421875 0.518229166015625 0.5694444453125 0.526041666015625 0.5694444453125 0.544270833984375 0.57962962890625 0.5578125 0.60092592578125 0.56875 0.625 0.574479166015625 0.643518517578125 0.5765625 0.653703703125 0.575520833984375
0 0.885185185546875 0.645833333984375 0.914814814453125 0.640625 0.942592591796875 0.627604166015625 0.953703703125 0.6125 0.95277777734375 0.594791666015625 0.936111111328125 0.577083333984375 0.912962962890625 0.566145833984375 0.883333333984375 0.560416666015625 0.842592591796875 0.559375 0.813888888671875 0.566666666015625 0.79722222265625 0.578125 0.79537037109375 0.586458333984375 0.80092592578125 0.600520833984375 0.8018518515625 0.6234375 0.821296296875 0.6359375 0.84907407421875 0.643229166015625 0.885185185546875 0.645833333984375
0 0.731481482421875 0.5125 0.75 0.503645833984375 0.762037037109375 0.4921875 0.765740740234375 0.484375 0.762962962890625 0.4703125 0.756481482421875 0.461458333984375 0.733333333984375 0.449479166015625 0.712962962890625 0.444791666015625 0.667592591796875 0.443229166015625 0.6518518515625 0.446354166015625 0.62592592578125 0.459375 0.617592591796875 0.470833333984375 0.616666666015625 0.484895833984375 0.6231481484375 0.4953125 0.6694444453125 0.498958333984375 0.687962962890625 0.503645833984375 0.712962962890625 0.515104166015625 0.731481482421875 0.5125
0 0.55277777734375 0.453645833984375 0.57592592578125 0.444270833984375 0.588888888671875 0.431770833984375 0.590740740234375 0.420833333984375 0.581481482421875 0.403645833984375 0.567592591796875 0.392708333984375 0.558333333984375 0.389583333984375 0.517592591796875 0.386979166015625 0.4805555546875 0.3921875 0.465740740234375 0.399479166015625 0.4555555546875 0.4109375 0.45462962890625 0.425520833984375 0.462037037109375 0.4375 0.47407407421875 0.446354166015625 0.50277777734375 0.455208333984375 0.52592592578125 0.456770833984375 0.55277777734375 0.453645833984375
0 0.314814814453125 0.371354166015625 0.3268518515625 0.367708333984375 0.342592591796875 0.355729166015625 0.3444444453125 0.327604166015625 0.303703703125 0.3078125 0.2731481484375 0.307291666015625 0.25092592578125 0.311458333984375 0.233333333984375 0.321354166015625 0.22592592578125 0.330729166015625 0.22592592578125 0.347395833984375 0.2305555546875 0.3578125 0.2444444453125 0.366145833984375 0.264814814453125 0.371875 0.293518517578125 0.373958333984375 0.314814814453125 0.371354166015625
0 0.431481482421875 0.380208333984375 0.45092592578125 0.3734375 0.466666666015625 0.3453125 0.467592591796875 0.338020833984375 0.461111111328125 0.328125 0.443518517578125 0.319791666015625 0.42592592578125 0.314583333984375 0.4 0.3140625 0.362037037109375 0.324479166015625 0.35462962890625 0.330208333984375 0.3481481484375 0.3453125 0.34722222265625 0.353125 0.3518518515625 0.363020833984375 0.368518517578125 0.373958333984375 0.390740740234375 0.380208333984375 0.415740740234375 0.381770833984375 0.431481482421875 0.380208333984375
0 0.42222222265625 0.310416666015625 0.4194444453125 0.299479166015625 0.412037037109375 0.292708333984375 0.388888888671875 0.2796875 0.37407407421875 0.277083333984375 0.346296296875 0.277083333984375 0.3231481484375 0.282291666015625 0.312962962890625 0.2875 0.306481482421875 0.296354166015625 0.306481482421875 0.306770833984375 0.35092592578125 0.33125 0.378703703125 0.31875 0.392592591796875 0.315104166015625 0.418518517578125 0.313541666015625 0.42222222265625 0.310416666015625
0 0.57962962890625 0.363020833984375 0.5731481484375 0.348958333984375 0.5555555546875 0.3390625 0.537037037109375 0.333854166015625 0.509259259765625 0.331770833984375 0.4731481484375 0.340625 0.460185185546875 0.358854166015625 0.456481482421875 0.376041666015625 0.466666666015625 0.388020833984375 0.4768518515625 0.3921875 0.508333333984375 0.386979166015625 0.557407408203125 0.386979166015625 0.57962962890625 0.363020833984375
0 0.639814814453125 0.4265625 0.661111111328125 0.421875 0.691666666015625 0.3921875 0.689814814453125 0.38125 0.678703703125 0.369791666015625 0.664814814453125 0.3625 0.64722222265625 0.358854166015625 0.62407407421875 0.357291666015625 0.590740740234375 0.361979166015625 0.575 0.369791666015625 0.5694444453125 0.3765625 0.567592591796875 0.389583333984375 0.584259259765625 0.406770833984375 0.591666666015625 0.4203125 0.59722222265625 0.4234375 0.609259259765625 0.425520833984375 0.639814814453125 0.4265625
0 0.77592592578125 0.4546875 0.790740740234375 0.446875 0.80462962890625 0.430208333984375 0.803703703125 0.418229166015625 0.790740740234375 0.403645833984375 0.775 0.396875 0.75277777734375 0.391145833984375 0.72407407421875 0.390625 0.7 0.39375 0.688888888671875 0.398958333984375 0.667592591796875 0.41875 0.666666666015625 0.432291666015625 0.675 0.441666666015625 0.713888888671875 0.44375 0.731481482421875 0.447916666015625 0.758333333984375 0.459375 0.77592592578125 0.4546875
0 0.92777777734375 0.489583333984375 0.939814814453125 0.4796875 0.94537037109375 0.470833333984375 0.943518517578125 0.4546875 0.935185185546875 0.445833333984375 0.921296296875 0.4375 0.883333333984375 0.428125 0.859259259765625 0.427083333984375 0.831481482421875 0.432291666015625 0.812037037109375 0.441145833984375 0.7981481484375 0.4546875 0.79722222265625 0.46875 0.803703703125 0.480208333984375 0.812962962890625 0.4875 0.82777777734375 0.49375 0.878703703125 0.485416666015625 0.92777777734375 0.489583333984375
0 0.921296296875 0.5625 0.942592591796875 0.555729166015625 0.956481482421875 0.54375 0.965740740234375 0.529166666015625 0.962962962890625 0.516666666015625 0.95 0.502604166015625 0.92777777734375 0.491666666015625 0.908333333984375 0.4875 0.87962962890625 0.4859375 0.8305555546875 0.494791666015625 0.815740740234375 0.504166666015625 0.808333333984375 0.515625 0.810185185546875 0.534895833984375 0.8305555546875 0.5515625 0.8481481484375 0.558333333984375 0.878703703125 0.559375 0.90462962890625 0.563541666015625 0.921296296875 0.5625
0 0.984259259765625 0.522395833984375 0.968518517578125 0.529166666015625 0.95 0.552604166015625 0.94907407421875 0.5609375 0.9555555546875 0.572395833984375 0.97407407421875 0.585416666015625 0.99907407421875 0.594270833984375 0.99907407421875 0.519270833984375 0.984259259765625 0.522395833984375
0 0.9694444453125 0.66875 0.957407408203125 0.6828125 0.9555555546875 0.6984375 0.961111111328125 0.7109375 0.97222222265625 0.722395833984375 0.99907407421875 0.736458333984375 0.99907407421875 0.656770833984375 0.9694444453125 0.66875