0 0.37962962890625 0.439583333984375 0.4018518515625 0.429166666015625 0.415740740234375 0.413020833984375 0.415740740234375 0.396354166015625 0.407407408203125 0.384375 0.387962962890625 0.372395833984375 0.3694444453125 0.367708333984375 0.340740740234375 0.366145833984375 0.318518517578125 0.369791666015625 0.292592591796875 0.381770833984375 0.281481482421875 0.397395833984375 0.281481482421875 0.4125 0.289814814453125 0.424479166015625 0.308333333984375 0.4359375 0.32777777734375 0.4421875 0.35462962890625 0.443229166015625 0.37962962890625 0.439583333984375
0 0.52222222265625 0.4078125 0.55462962890625 0.401041666015625 0.560185185546875 0.396875 0.564814814453125 0.386458333984375 0.561111111328125 0.368229166015625 0.55 0.357291666015625 0.539814814453125 0.3515625 0.511111111328125 0.344791666015625 0.487962962890625 0.344791666015625 0.459259259765625 0.352083333984375 0.441666666015625 0.363020833984375 0.433333333984375 0.375520833984375 0.432407408203125 0.386979166015625 0.4444444453125 0.4046875 0.462037037109375 0.414583333984375 0.489814814453125 0.420833333984375 0.4944444453125 0.420833333984375 0.52222222265625 0.4078125
0 0.59722222265625 0.475 0.617592591796875 0.463020833984375 0.62777777734375 0.447395833984375 0.62407407421875 0.428645833984375 0.613888888671875 0.418229166015625 0.60277777734375 0.411458333984375 0.589814814453125 0.407291666015625 0.561111111328125 0.402083333984375 0.536111111328125 0.4046875 0.508333333984375 0.4140625 0.4944444453125 0.422395833984375 0.487037037109375 0.434375 0.486111111328125 0.446875 0.490740740234375 0.457291666015625 0.50092592578125 0.4671875 0.517592591796875 0.475520833984375 0.5518518515625 0.471354166015625 0.59722222265625 0.475
0 0.6018518515625 0.5484375 0.62592592578125 0.5328125 0.634259259765625 0.5203125 0.634259259765625 0.506770833984375 0.625 0.492708333984375 0.6018518515625 0.478645833984375 0.571296296875 0.472395833984375 0.535185185546875 0.4734375 0.516666666015625 0.477604166015625 0.493518517578125 0.4921875 0.485185185546875 0.5046875 0.485185185546875 0.521354166015625 0.49722222265625 0.536979166015625 0.518518517578125 0.548958333984375 0.541666666015625 0.554166666015625 0.57962962890625 0.554166666015625 0.6018518515625 0.5484375
0 0.3694444453125 0.580208333984375 0.381481482421875 0.561979166015625 0.40277777734375 0.545833333984375 0.40092592578125 0.532291666015625 0.388888888671875 0.518229166015625 0.37037037109375 0.5078125 0.337037037109375 0.501041666015625 0.30277777734375 0.502604166015625 0.27962962890625 0.508333333984375 0.258333333984375 0.520833333984375 0.24722222265625 0.538020833984375 0.2481481484375 0.553125 0.261111111328125 0.569791666015625 0.289814814453125 0.583333333984375 0.32407407421875 0.588020833984375 0.343518517578125 0.586458333984375 0.3694444453125 0.580208333984375
0 0.49907407421875 0.621354166015625 0.5194444453125 0.609375 0.531481482421875 0.591666666015625 0.531481482421875 0.5765625 0.517592591796875 0.558333333984375 0.49537037109375 0.546354166015625 0.467592591796875 0.540104166015625 0.436111111328125 0.540104166015625 0.408333333984375 0.5453125 0.384259259765625 0.560416666015625 0.3731481484375 0.578645833984375 0.37407407421875 0.596875 0.387962962890625 0.6125 0.416666666015625 0.6265625 0.440740740234375 0.6296875 0.468518517578125 0.629166666015625 0.49907407421875 0.621354166015625
0 0.67222222265625 0.65625 0.69907407421875 0.6421875 0.709259259765625 0.632291666015625 0.713888888671875 0.622916666015625 0.712037037109375 0.6046875 0.6981481484375 0.5875 0.675 0.574479166015625 0.660185185546875 0.569791666015625 0.636111111328125 0.566145833984375 0.612037037109375 0.566666666015625 0.57962962890625 0.573958333984375 0.557407408203125 0.588020833984375 0.54722222265625 0.605729166015625 0.5481481484375 0.622916666015625 0.562962962890625 0.640625 0.588888888671875 0.654166666015625 0.614814814453125 0.659895833984375 0.642592591796875 0.6609375 0.67222222265625 0.65625
0 0.886111111328125 0.709375 0.916666666015625 0.7 0.928703703125 0.693229166015625 0.940740740234375 0.68125 0.9444444453125 0.656770833984375 0.936111111328125 0.641666666015625 0.913888888671875 0.625520833984375 0.887037037109375 0.614583333984375 0.857407408203125 0.610416666015625 0.838888888671875 0.610416666015625 0.8055555546875 0.615625 0.778703703125 0.628645833984375 0.765740740234375 0.646875 0.765740740234375 0.664583333984375 0.7768518515625 0.682291666015625 0.8 0.697916666015625 0.82222222265625 0.70625 0.857407408203125 0.7109375 0.886111111328125 0.709375
0 0.865740740234375 0.861458333984375 0.89907407421875 0.852083333984375 0.9194444453125 0.838020833984375 0.9305555546875 0.816666666015625 0.92592592578125 0.791145833984375 0.90277777734375 0.767708333984375 0.886111111328125 0.7578125 0.856481482421875 0.747916666015625 0.833333333984375 0.744270833984375 0.808333333984375 0.74375 0.77962962890625 0.7484375 0.759259259765625 0.75625 0.74537037109375 0.765625 0.731481482421875 0.7859375 0.731481482421875 0.805208333984375 0.7444444453125 0.8265625 0.77592592578125 0.849479166015625 0.8018518515625 0.858333333984375 0.837962962890625 0.863541666015625 0.865740740234375 0.861458333984375
0 0.656481482421875 0.9640625 0.615740740234375 0.9703125 0.593518517578125 0.980208333984375 0.57592592578125 0.9953125 0.575 0.999479166015625 0.758333333984375 0.999479166015625 0.75462962890625 0.994270833984375 0.721296296875 0.975 0.691666666015625 0.966666666015625 0.656481482421875 0.9640625
0 0.99907407421875 0.756770833984375 0.975 0.7609375 0.958333333984375 0.7671875 0.941666666015625 0.778645833984375 0.931481482421875 0.791666666015625 0.931481482421875 0.820833333984375 0.937037037109375 0.832291666015625 0.94907407421875 0.8453125 0.967592591796875 0.858854166015625 0.99907407421875 0.871875 0.99907407421875 0.756770833984375
0 0.99907407421875 0.565625 0.983333333984375 0.563541666015625 0.9555555546875 0.5640625 0.925 0.569270833984375 0.9 0.583854166015625 0.889814814453125 0.599479166015625 0.891666666015625 0.614583333984375 0.92777777734375 0.633854166015625 0.94722222265625 0.65625 0.9694444453125 0.659375 0.99907407421875 0.659375 0.99907407421875 0.565625
0 0.99907407421875 0.45 0.983333333984375 0.4515625 0.966666666015625 0.457291666015625 0.939814814453125 0.4734375 0.938888888671875 0.505208333984375 0.9444444453125 0.513541666015625 0.967592591796875 0.5265625 0.983333333984375 0.531770833984375 0.99907407421875 0.533333333984375 0.99907407421875 0.45
0 0.986111111328125 0.449479166015625 0.993518517578125 0.433333333984375 0.992592591796875 0.422916666015625 0.981481482421875 0.410416666015625 0.966666666015625 0.402083333984375 0.931481482421875 0.39375 0.90277777734375 0.39375 0.8805555546875 0.399479166015625 0.859259259765625 0.411458333984375 0.8481481484375 0.421875 0.84537037109375 0.429166666015625 0.84537037109375 0.441145833984375 0.853703703125 0.4515625 0.9018518515625 0.458333333984375 0.9305555546875 0.471875 0.939814814453125 0.470833333984375 0.986111111328125 0.449479166015625
0 0.891666666015625 0.533854166015625 0.912962962890625 0.5265625 0.933333333984375 0.511979166015625 0.937962962890625 0.497916666015625 0.935185185546875 0.48125 0.910185185546875 0.4625 0.889814814453125 0.45625 0.843518517578125 0.452604166015625 0.821296296875 0.456770833984375 0.7981481484375 0.466145833984375 0.788888888671875 0.4734375 0.781481482421875 0.485416666015625 0.781481482421875 0.503645833984375 0.789814814453125 0.515104166015625 0.817592591796875 0.530208333984375 0.84537037109375 0.536458333984375 0.868518517578125 0.536979166015625 0.891666666015625 0.533854166015625
0 0.87222222265625 0.35625 0.8805555546875 0.348958333984375 0.883333333984375 0.336979166015625 0.87407407421875 0.313020833984375 0.8555555546875 0.302604166015625 0.82777777734375 0.297395833984375 0.8018518515625 0.299479166015625 0.77222222265625 0.309895833984375 0.762962962890625 0.3203125 0.762037037109375 0.327083333984375 0.77222222265625 0.354166666015625 0.7768518515625 0.3578125 0.82222222265625 0.348958333984375 0.84537037109375 0.349479166015625 0.87222222265625 0.35625
0 0.859375 0.353515625 0.873046875 0.359375 0.88671875 0.369140625 0.892578125 0.380859375 0.892578125 0.390625 0.88671875 0.396484375 0.865234375 0.404296875 0.86328125 0.408203125 0.841796875 0.423828125 0.8046875 0.423828125 0.802734375 0.421875 0.78125 0.41796875 0.76953125 0.412109375 0.7578125 0.400390625 0.75390625 0.392578125 0.75390625 0.3828125 0.7578125 0.375 0.767578125 0.365234375 0.787109375 0.35546875 0.79296875 0.35546875 0.80078125 0.3515625 0.845703125 0.349609375 0.857421875 0.353515625
0 0.712890625 0.314453125 0.71484375 0.31640625 0.73046875 0.31640625 0.740234375 0.3203125 0.748046875 0.3203125 0.751953125 0.32421875 0.759765625 0.326171875 0.767578125 0.337890625 0.767578125 0.34375 0.76953125 0.345703125 0.76953125 0.357421875 0.767578125 0.361328125 0.75390625 0.375 0.744140625 0.380859375 0.724609375 0.38671875 0.708984375 0.38671875 0.70703125 0.388671875 0.67578125 0.384765625 0.6640625 0.380859375 0.654296875 0.373046875 0.6484375 0.37109375 0.640625 0.357421875 0.640625 0.3515625 0.646484375 0.337890625 0.65234375 0.33203125 0.671875 0.3203125 0.6875 0.318359375 0.689453125 0.31640625 0.7109375 0.31640625