0 0.537037037109375 0.527083333984375 0.562962962890625 0.519791666015625 0.57962962890625 0.508333333984375 0.587962962890625 0.496875 0.587037037109375 0.4796875 0.575 0.464583333984375 0.553703703125 0.453125 0.533333333984375 0.448958333984375 0.50462962890625 0.4484375 0.481481482421875 0.452604166015625 0.460185185546875 0.463541666015625 0.4481481484375 0.479166666015625 0.4481481484375 0.497395833984375 0.459259259765625 0.511458333984375 0.47222222265625 0.519791666015625 0.487037037109375 0.525520833984375 0.511111111328125 0.529166666015625 0.537037037109375 0.527083333984375
0 0.42222222265625 0.6125 0.44907407421875 0.5984375 0.461111111328125 0.58125 0.461111111328125 0.566145833984375 0.45 0.548958333984375 0.4305555546875 0.5375 0.40277777734375 0.53125 0.37037037109375 0.530729166015625 0.3444444453125 0.5359375 0.321296296875 0.5484375 0.307407408203125 0.566666666015625 0.308333333984375 0.584375 0.32222222265625 0.601041666015625 0.3444444453125 0.6125 0.371296296875 0.617708333984375 0.403703703125 0.616666666015625 0.42222222265625 0.6125
0 0.275 0.668229166015625 0.29722222265625 0.6546875 0.311111111328125 0.636458333984375 0.311111111328125 0.6171875 0.30092592578125 0.602083333984375 0.275 0.588020833984375 0.24722222265625 0.5828125 0.215740740234375 0.5828125 0.183333333984375 0.590625 0.160185185546875 0.603645833984375 0.14722222265625 0.622395833984375 0.14722222265625 0.638020833984375 0.161111111328125 0.658333333984375 0.182407408203125 0.6703125 0.209259259765625 0.676041666015625 0.2481481484375 0.675 0.275 0.668229166015625
0 0.64722222265625 0.644791666015625 0.668518517578125 0.63125 0.678703703125 0.6140625 0.67592592578125 0.595833333984375 0.662037037109375 0.578645833984375 0.638888888671875 0.566145833984375 0.613888888671875 0.5609375 0.583333333984375 0.560416666015625 0.55 0.5671875 0.5305555546875 0.580208333984375 0.5194444453125 0.597916666015625 0.5194444453125 0.6140625 0.528703703125 0.629166666015625 0.55462962890625 0.6453125 0.582407408203125 0.6515625 0.6194444453125 0.652083333984375 0.64722222265625 0.644791666015625
0 0.77962962890625 0.745833333984375 0.80277777734375 0.738541666015625 0.825 0.7234375 0.834259259765625 0.704166666015625 0.832407408203125 0.688020833984375 0.812962962890625 0.665625 0.783333333984375 0.65 0.75092592578125 0.64375 0.735185185546875 0.643229166015625 0.706481482421875 0.646875 0.689814814453125 0.6515625 0.67407407421875 0.659895833984375 0.660185185546875 0.672916666015625 0.6555555546875 0.681770833984375 0.6555555546875 0.698958333984375 0.668518517578125 0.7203125 0.693518517578125 0.736979166015625 0.713888888671875 0.74375 0.7444444453125 0.747916666015625 0.77962962890625 0.745833333984375
0 0.80092592578125 0.6453125 0.831481482421875 0.638541666015625 0.8481481484375 0.630208333984375 0.865740740234375 0.6125 0.865740740234375 0.5921875 0.853703703125 0.576041666015625 0.8305555546875 0.561979166015625 0.811111111328125 0.557291666015625 0.77222222265625 0.552604166015625 0.736111111328125 0.559375 0.715740740234375 0.569791666015625 0.7018518515625 0.588541666015625 0.70092592578125 0.6 0.7055555546875 0.611979166015625 0.7194444453125 0.6265625 0.74537037109375 0.640104166015625 0.765740740234375 0.644791666015625 0.80092592578125 0.6453125
0 0.99907407421875 0.65 0.99907407421875 0.561458333984375 0.984259259765625 0.556770833984375 0.9731481484375 0.55625 0.94722222265625 0.557291666015625 0.925 0.561458333984375 0.89722222265625 0.575 0.887037037109375 0.591145833984375 0.886111111328125 0.6 0.893518517578125 0.6203125 0.9018518515625 0.6296875 0.915740740234375 0.638020833984375 0.958333333984375 0.650520833984375 0.99907407421875 0.65
0 0.8555555546875 0.575 0.878703703125 0.571354166015625 0.896296296875 0.565104166015625 0.908333333984375 0.558854166015625 0.92222222265625 0.54375 0.9231481484375 0.525 0.912962962890625 0.510416666015625 0.893518517578125 0.496875 0.87037037109375 0.491145833984375 0.831481482421875 0.489583333984375 0.80277777734375 0.493229166015625 0.778703703125 0.50625 0.767592591796875 0.519791666015625 0.766666666015625 0.536458333984375 0.775 0.550520833984375 0.785185185546875 0.554166666015625 0.817592591796875 0.5578125 0.846296296875 0.56875 0.8555555546875 0.575
0 0.865740740234375 0.489583333984375 0.890740740234375 0.49375 0.906481482421875 0.485416666015625 0.918518517578125 0.470833333984375 0.9194444453125 0.455729166015625 0.907407408203125 0.438541666015625 0.890740740234375 0.4296875 0.856481482421875 0.421354166015625 0.82777777734375 0.422395833984375 0.807407408203125 0.427604166015625 0.787037037109375 0.438541666015625 0.77592592578125 0.452083333984375 0.77592592578125 0.459375 0.789814814453125 0.478125 0.792592591796875 0.4875 0.8 0.492708333984375 0.8231481484375 0.490104166015625 0.865740740234375 0.489583333984375
0 0.762037037109375 0.5171875 0.784259259765625 0.499479166015625 0.789814814453125 0.488020833984375 0.787037037109375 0.474479166015625 0.775 0.459895833984375 0.760185185546875 0.4515625 0.725 0.44375 0.696296296875 0.444791666015625 0.667592591796875 0.454166666015625 0.653703703125 0.4625 0.643518517578125 0.478645833984375 0.646296296875 0.4953125 0.657407408203125 0.508333333984375 0.681481482421875 0.5203125 0.711111111328125 0.525 0.735185185546875 0.523958333984375 0.762037037109375 0.5171875
0 0.653703703125 0.4609375 0.687962962890625 0.4453125 0.693518517578125 0.4359375 0.689814814453125 0.421354166015625 0.675 0.4078125 0.65462962890625 0.4 0.62037037109375 0.394791666015625 0.592592591796875 0.399479166015625 0.578703703125 0.405208333984375 0.562962962890625 0.417708333984375 0.558333333984375 0.428645833984375 0.559259259765625 0.444270833984375 0.5694444453125 0.457291666015625 0.586111111328125 0.466145833984375 0.625 0.4734375 0.643518517578125 0.472395833984375 0.653703703125 0.4609375
0 0.712962962890625 0.418229166015625 0.731481482421875 0.409375 0.742592591796875 0.400520833984375 0.75 0.386979166015625 0.7481481484375 0.3765625 0.742592591796875 0.36875 0.7305555546875 0.359895833984375 0.713888888671875 0.3515625 0.691666666015625 0.347916666015625 0.671296296875 0.3484375 0.65277777734375 0.352083333984375 0.633333333984375 0.3609375 0.6194444453125 0.378125 0.6194444453125 0.39375 0.628703703125 0.396875 0.65092592578125 0.3984375 0.663888888671875 0.4015625 0.692592591796875 0.420833333984375 0.712962962890625 0.418229166015625
0 0.62222222265625 0.36875 0.635185185546875 0.359895833984375 0.660185185546875 0.3484375 0.666666666015625 0.336979166015625 0.663888888671875 0.321354166015625 0.6518518515625 0.310416666015625 0.636111111328125 0.303125 0.615740740234375 0.2984375 0.5944444453125 0.298958333984375 0.566666666015625 0.306770833984375 0.553703703125 0.316145833984375 0.546296296875 0.3265625 0.546296296875 0.339583333984375 0.561111111328125 0.350520833984375 0.568518517578125 0.3609375 0.578703703125 0.366145833984375 0.5944444453125 0.369791666015625 0.62222222265625 0.36875
0 0.559259259765625 0.3109375 0.60092592578125 0.297395833984375 0.60462962890625 0.293229166015625 0.6018518515625 0.279166666015625 0.587037037109375 0.2671875 0.566666666015625 0.259375 0.54722222265625 0.2578125 0.537962962890625 0.258333333984375 0.507407408203125 0.26875 0.49722222265625 0.277604166015625 0.492592591796875 0.286979166015625 0.493518517578125 0.302083333984375 0.503703703125 0.314583333984375 0.517592591796875 0.321875 0.538888888671875 0.3265625 0.546296296875 0.326041666015625 0.559259259765625 0.3109375
0 0.456481482421875 0.3328125 0.4768518515625 0.321354166015625 0.487037037109375 0.309375 0.486111111328125 0.291145833984375 0.4768518515625 0.28125 0.462037037109375 0.272395833984375 0.433333333984375 0.265625 0.412962962890625 0.266666666015625 0.39722222265625 0.2703125 0.383333333984375 0.277604166015625 0.37222222265625 0.291145833984375 0.371296296875 0.3046875 0.3768518515625 0.316145833984375 0.393518517578125 0.328125 0.416666666015625 0.334895833984375 0.437037037109375 0.335416666015625 0.456481482421875 0.3328125
0 0.546296296875 0.397916666015625 0.559259259765625 0.388541666015625 0.567592591796875 0.375 0.567592591796875 0.363020833984375 0.5555555546875 0.3484375 0.536111111328125 0.3375 0.512962962890625 0.333333333984375 0.486111111328125 0.334375 0.47407407421875 0.3375 0.453703703125 0.3484375 0.443518517578125 0.3640625 0.443518517578125 0.372916666015625 0.462037037109375 0.3859375 0.47407407421875 0.400520833984375 0.5018518515625 0.40625 0.52037037109375 0.405729166015625 0.546296296875 0.397916666015625
0 0.438888888671875 0.4375 0.457407408203125 0.428125 0.467592591796875 0.417708333984375 0.47037037109375 0.400520833984375 0.463888888671875 0.389583333984375 0.45277777734375 0.3796875 0.438888888671875 0.371875 0.42777777734375 0.36875 0.389814814453125 0.367708333984375 0.3694444453125 0.372395833984375 0.3518518515625 0.381770833984375 0.341666666015625 0.3953125 0.341666666015625 0.4125 0.35092592578125 0.425520833984375 0.368518517578125 0.4359375 0.389814814453125 0.441666666015625 0.412962962890625 0.442708333984375 0.438888888671875 0.4375
0 0.26171875 0.3515625 0.283203125 0.359375 0.30078125 0.375 0.302734375 0.37890625 0.302734375 0.39453125 0.29296875 0.408203125 0.27734375 0.416015625 0.255859375 0.421875 0.22265625 0.421875 0.220703125 0.419921875 0.205078125 0.41796875 0.189453125 0.41015625 0.1796875 0.40234375 0.173828125 0.392578125 0.173828125 0.376953125 0.18359375 0.36328125 0.208984375 0.3515625 0.21875 0.3515625 0.220703125 0.349609375 0.25 0.349609375 0.251953125 0.3515625 0.259765625 0.3515625
0 0.107421875 0.33984375 0.109375 0.341796875 0.12109375 0.341796875 0.146484375 0.3515625 0.16015625 0.36328125 0.16015625 0.3671875 0.1640625 0.373046875 0.16015625 0.390625 0.154296875 0.396484375 0.1328125 0.408203125 0.111328125 0.41015625 0.109375 0.412109375 0.078125 0.41015625 0.05859375 0.404296875 0.037109375 0.38671875 0.037109375 0.37890625 0.03515625 0.376953125 0.0390625 0.36328125 0.046875 0.35546875 0.064453125 0.34375 0.0859375 0.341796875 0.087890625 0.33984375 0.10546875 0.33984375
0 0 0.3203125 0.033203125 0.326171875 0.052734375 0.3359375 0.05859375 0.341796875 0.05859375 0.345703125 0.037109375 0.36328125 0.033203125 0.376953125 0.03515625 0.380859375 0.033203125 0.38671875 0.01953125 0.388671875 0.017578125 0.390625 0 0.390625 0 0.322265625
0 0.216796875 0.294921875 0.236328125 0.3046875 0.248046875 0.314453125 0.25 0.3203125 0.248046875 0.337890625 0.23828125 0.34765625 0.208984375 0.349609375 0.19140625 0.357421875 0.169921875 0.357421875 0.14453125 0.34765625 0.130859375 0.333984375 0.12890625 0.328125 0.130859375 0.314453125 0.14453125 0.30078125 0.16015625 0.294921875 0.169921875 0.294921875 0.171875 0.29296875 0.208984375 0.29296875 0.21484375 0.294921875
0 0.0234375 0.23046875 0.025390625 0.232421875 0.04296875 0.232421875 0.060546875 0.23828125 0.076171875 0.248046875 0.0859375 0.26171875 0.0859375 0.271484375 0.078125 0.283203125 0.06640625 0.291015625 0.052734375 0.294921875 0.0390625 0.294921875 0.037109375 0.296875 0 0.29296875 0 0.232421875 0.021484375 0.23046875
0 0.171875 0.212890625 0.197265625 0.224609375 0.205078125 0.232421875 0.20703125 0.244140625 0.205078125 0.24609375 0.166015625 0.24609375 0.15625 0.25390625 0.15234375 0.25390625 0.13671875 0.271484375 0.125 0.26953125 0.12109375 0.265625 0.107421875 0.259765625 0.1015625 0.25390625 0.09765625 0.24609375 0.09765625 0.232421875 0.099609375 0.228515625 0.111328125 0.216796875 0.123046875 0.21484375 0.130859375 0.2109375 0.1640625 0.2109375 0.169921875 0.212890625
0 0.220703125 0.25 0.2421875 0.26171875 0.25 0.271484375 0.251953125 0.287109375 0.248046875 0.294921875 0.23828125 0.302734375 0.234375 0.302734375 0.220703125 0.294921875 0.205078125 0.29296875 0.203125 0.291015625 0.173828125 0.291015625 0.16015625 0.294921875 0.146484375 0.294921875 0.138671875 0.28515625 0.138671875 0.271484375 0.16015625 0.25 0.166015625 0.25 0.16796875 0.248046875 0.212890625 0.248046875 0.21875 0.25
0 0.326171875 0.1796875 0.3359375 0.18359375 0.345703125 0.18359375 0.359375 0.1875 0.373046875 0.19921875 0.373046875 0.2109375 0.36328125 0.220703125 0.359375 0.236328125 0.3515625 0.240234375 0.333984375 0.2421875 0.33203125 0.244140625 0.30859375 0.2421875 0.296875 0.23828125 0.283203125 0.23046875 0.271484375 0.216796875 0.2734375 0.201171875 0.283203125 0.19140625 0.29296875 0.185546875 0.298828125 0.185546875 0.314453125 0.1796875 0.32421875 0.1796875
0 0.4375 0.203125 0.447265625 0.208984375 0.45703125 0.2109375 0.462890625 0.216796875 0.46484375 0.2265625 0.44921875 0.232421875 0.431640625 0.25 0.4296875 0.259765625 0.42578125 0.263671875 0.40234375 0.263671875 0.376953125 0.25390625 0.369140625 0.248046875 0.36328125 0.23828125 0.36328125 0.22265625 0.375 0.208984375 0.384765625 0.205078125 0.390625 0.205078125 0.400390625 0.201171875 0.4296875 0.201171875 0.435546875 0.203125
0 0.447265625 0.169921875 0.458984375 0.1875 0.462890625 0.189453125 0.46484375 0.19921875 0.4609375 0.2109375 0.42578125 0.19921875 0.39453125 0.201171875 0.384765625 0.205078125 0.376953125 0.205078125 0.37109375 0.1953125 0.37109375 0.1875 0.375 0.181640625 0.392578125 0.169921875 0.40625 0.16796875 0.408203125 0.166015625 0.42578125 0.166015625 0.427734375 0.16796875 0.4453125 0.169921875
0 0.4921875 0.224609375 0.494140625 0.2265625 0.50390625 0.2265625 0.5234375 0.234375 0.53515625 0.244140625 0.5390625 0.251953125 0.5390625 0.255859375 0.53515625 0.259765625 0.515625 0.263671875 0.501953125 0.271484375 0.494140625 0.28125 0.4921875 0.287109375 0.486328125 0.287109375 0.478515625 0.279296875 0.455078125 0.267578125 0.431640625 0.263671875 0.43359375 0.25 0.44921875 0.234375 0.45703125 0.23046875 0.462890625 0.23046875 0.466796875 0.2265625 0.486328125 0.2265625 0.490234375 0.224609375