0 0.025390625 0.0625 0.02734375 0.064453125 0.037109375 0.064453125 0.0390625 0.06640625 0.052734375 0.068359375 0.068359375 0.078125 0.07421875 0.08984375 0.07421875 0.099609375 0.0703125 0.107421875 0.0625 0.11328125 0.046875 0.119140625 0.01171875 0.119140625 0 0.115234375 0 0.06640625 0.013671875 0.0625 0.0234375 0.0625
0 0 0 0.041015625 0 0.04296875 0.00390625 0.052734375 0.0078125 0.060546875 0.01953125 0.060546875 0.033203125 0.05859375 0.037109375 0.048828125 0.04296875 0.03515625 0.044921875 0.033203125 0.046875 0 0.04296875 0 0.001953125
0 0.361328125 0.2578125 0.375 0.26171875 0.380859375 0.265625 0.388671875 0.283203125 0.396484375 0.2890625 0.3984375 0.296875 0.39453125 0.3046875 0.384765625 0.314453125 0.380859375 0.314453125 0.369140625 0.322265625 0.359375 0.322265625 0.357421875 0.32421875 0.322265625 0.32421875 0.302734375 0.318359375 0.287109375 0.30859375 0.279296875 0.291015625 0.287109375 0.275390625 0.30859375 0.26171875 0.3203125 0.2578125 0.333984375 0.2578125 0.3359375 0.255859375 0.359375 0.2578125
0 0.44140625 0.33203125 0.455078125 0.34375 0.45703125 0.349609375 0.45703125 0.36328125 0.455078125 0.3671875 0.4375 0.384765625 0.423828125 0.390625 0.40625 0.392578125 0.404296875 0.39453125 0.37109375 0.392578125 0.36328125 0.388671875 0.357421875 0.388671875 0.353515625 0.384765625 0.349609375 0.384765625 0.33984375 0.37890625 0.330078125 0.365234375 0.330078125 0.353515625 0.33203125 0.349609375 0.34375 0.3359375 0.353515625 0.33203125 0.357421875 0.328125 0.38671875 0.3203125 0.400390625 0.3203125 0.40234375 0.322265625 0.423828125 0.32421875 0.435546875 0.328125 0.439453125 0.33203125
0 0.462890625 0.240234375 0.478515625 0.248046875 0.490234375 0.259765625 0.4921875 0.263671875 0.4921875 0.275390625 0.478515625 0.291015625 0.451171875 0.30078125 0.423828125 0.30078125 0.40234375 0.294921875 0.390625 0.283203125 0.390625 0.27734375 0.3828125 0.267578125 0.380859375 0.2578125 0.392578125 0.248046875 0.412109375 0.240234375 0.419921875 0.240234375 0.421875 0.23828125 0.451171875 0.23828125 0.453125 0.240234375 0.4609375 0.240234375
0 0.6640625 0.2578125 0.6953125 0.267578125 0.70703125 0.28125 0.708984375 0.29296875 0.703125 0.302734375 0.693359375 0.3125 0.681640625 0.318359375 0.67578125 0.318359375 0.66796875 0.322265625 0.658203125 0.322265625 0.65625 0.32421875 0.626953125 0.322265625 0.62109375 0.318359375 0.607421875 0.314453125 0.595703125 0.302734375 0.59375 0.291015625 0.59765625 0.28125 0.609375 0.26953125 0.62109375 0.263671875 0.6328125 0.259765625 0.642578125 0.259765625 0.64453125 0.2578125 0.662109375 0.2578125
0 0.7734375 0.271484375 0.775390625 0.2734375 0.78515625 0.2734375 0.787109375 0.275390625 0.80078125 0.27734375 0.80859375 0.28125 0.8203125 0.298828125 0.8203125 0.310546875 0.810546875 0.322265625 0.80078125 0.328125 0.767578125 0.337890625 0.75 0.337890625 0.72265625 0.330078125 0.71484375 0.326171875 0.70703125 0.318359375 0.703125 0.30859375 0.7109375 0.29296875 0.7265625 0.279296875 0.7421875 0.2734375 0.771484375 0.271484375
0 0.91015625 0.2890625 0.931640625 0.296875 0.9453125 0.310546875 0.9453125 0.326171875 0.935546875 0.337890625 0.92578125 0.34375 0.91796875 0.34765625 0.912109375 0.34765625 0.90234375 0.3515625 0.892578125 0.3515625 0.890625 0.353515625 0.87109375 0.353515625 0.841796875 0.345703125 0.828125 0.333984375 0.826171875 0.330078125 0.826171875 0.31640625 0.8359375 0.3046875 0.85546875 0.29296875 0.861328125 0.29296875 0.87109375 0.2890625 0.908203125 0.2890625
0 0.986328125 0.341796875 0.02734375 0.0537109375
0 0.9501953125 0.5341796875 0.0986328125 0.0849609375
0 0.68359375 0.8671875 0.7109375 0.875 0.740234375 0.892578125 0.7578125 0.9140625 0.765625 0.9375 0.76171875 0.95703125 0.74609375 0.978515625 0.734375 0.986328125 0.708984375 0.998046875 0.619140625 0.998046875 0.61328125 0.99609375 0.59375 0.986328125 0.580078125 0.9765625 0.564453125 0.958984375 0.556640625 0.939453125 0.556640625 0.91796875 0.55859375 0.912109375 0.564453125 0.900390625 0.58203125 0.8828125 0.599609375 0.873046875 0.619140625 0.8671875 0.62890625 0.8671875 0.630859375 0.865234375 0.67578125 0.865234375 0.681640625 0.8671875
0 0.9453125 0.96875 0.9609375 0.974609375 0.974609375 0.9765625 0.98828125 0.984375 0.99609375 0.986328125 0.998046875 0.98828125 0.998046875 0.998046875 0.826171875 0.998046875 0.841796875 0.982421875 0.87109375 0.96875 0.8828125 0.96875 0.884765625 0.966796875 0.9296875 0.966796875 0.931640625 0.96875 0.943359375 0.96875